1 0.5 0.5 0.5 0.5
2 1.0 256.0 262144.0 2.81474976710656E14
10 0.09765625 9765625.0 9.765625E16 9.765625E46
20 3.814697265625E-4 9765625.0 1.0E20 1.073741824E59
30 8.381903171539307E-7 549936.6670846939 3.247321025468409E20 6.685946022084473E64
40 1.4551915228366852E-9 9536.7431640625 1.0E20 1.152921504606847E68
50 2.220446049250313E-12 86.73617379884035 8.4703294725430036E18 7.888609052210118E69
100 7.888609052210118E-27 7.888609052210118E-11 7.888609052210118E9 7.888609052210118E69
150 1.5764607723654192E-41 4.040296534175592E-24 0.023298385746731886 4.4674901453521685E63
200 2.4892061111444567E-56 6.372367644529809E-38 6.525304467998525E-15 7.006492321624085E54
300 4.418184118767954E-86 2.8987706003236545E-66 1.7116950517851147E-41 3.524228320128461E33
400 6.196147063758909E-116 4.060706939705039E-95 4.257959840008151E-69 4.909093465297727E9
500 7.637340908749012E-146 2.9833362924800828E-124 2.9134143481250806E-97 2.713328551617526E-16
1000 9.332636185032189E-296 9.332636185032189E-272 9.332636185032188E-242 9.332636185032189E-152
1500 0.0 0.0 0.0 0.0
2000 0.0 0.0 0.0 0.0
5000 0.0 0.0 0.0 0.0
10000 0.0 0.0 0.0 0.0
25000 0.0 0.0 0.0 0.0
50000 0.0 0.0 0.0 0.0
75000 0.0 0.0 0.0 0.0
100000 0.0 0.0 0.0 0.0
250000 0.0 0.0 0.0 0.0
500000 0.0 0.0 0.0 0.0
